Knight:
now =>(3,3)

Rule ==>(1,2) , (-1,2) , (2,1) , (-2,1) , (2,-1) , (-2,-1) , (1,-2) , (-1,-2)

valid =>(4,5) , (2,5) ,  (5,4) , (1,4)  , (5,2)  , (1,2)  , (4,1)  , (2,1) 
 

******************	
x-axis :	
	-ve : 
		columnNum(0) : (-1,2) , (-2,1) , (-2,-1) , (-1,-2)
		columnNum(1) : (-2,1) , (-2,-1)
	> 7 :
		columnNum(6) : (2,1) , (2,-1)
		columnNum(7) : (2,1) , (2,-1) , (1,2) , (1,-2)
********************
y-axis : 
	-ve : 
		  rowNum(0) :  (2,-1) , (-2,-1) , (1,-2) , (-1,-2)
		  rowNum(1) :  (1,-2) , (-1,-2)
	> 7 :
		  rowNum(6) :  (1,2) , (-1,2)                      
		  rowNum(7) :  (1,2) , (-1,2) , (2,1) , (-2,1)

